[48;2;1;1;1m    [48;2;0;0;0m     [48;2;1;1;1m        [38;2;40;10;7;48;2;1;1;1m▄[38;2;137;50;38;48;2;1;1;1m▄[38;2;186;69;55;48;2;1;1;1m▄[38;2;214;80;64;48;2;0;1;1m▄[38;2;226;85;68;48;2;48;14;10m▄[38;2;227;85;68;48;2;97;33;26m▄[38;2;227;85;68;48;2;113;40;30m▄[38;2;227;85;68;48;2;117;41;32m▄[38;2;227;85;68;48;2;113;40;30m▄[38;2;227;85;68;48;2;98;33;26m▄[38;2;226;85;68;48;2;58;18;13m▄[38;2;220;83;66;48;2;3;2;2m▄[38;2;205;77;61;48;2;1;1;1m▄[38;2;206;168;166;48;2;51;51;51m▄[38;2;243;243;243;48;2;211;211;211m▄[48;2;243;243;243m [38;2;243;243;243;48;2;231;232;232m▄[38;2;212;212;212;48;2;118;118;118m▄[48;2;1;1;1m     [m
[48;2;1;1;1m    [48;2;0;0;0m     [48;2;1;1;1m     [38;2;127;45;35;48;2;1;1;1m▄[38;2;214;80;64;48;2;52;15;11m▄[38;2;227;85;68;48;2;162;59;47m▄[38;2;227;85;68;48;2;218;82;65m▄[48;2;227;85;68m            [38;2;227;109;98;48;2;232;179;175m▄[38;2;240;228;227;48;2;243;243;243m▄[48;2;243;243;243m [38;2;239;239;239;48;2;243;243;243m▄[38;2;138;138;138;48;2;216;216;216m▄[48;2;1;1;1m     [m
[48;2;1;1;1m           [38;2;100;100;100;48;2;1;1;1m▄[38;2;181;181;181;48;2;1;1;1m▄[38;2;214;182;179;48;2;153;56;44m▄[38;2;218;167;163;48;2;226;85;68m▄[38;2;220;150;146;48;2;227;85;68m▄[38;2;223;124;115;48;2;227;85;68m▄[38;2;225;91;76;48;2;227;85;68m▄[48;2;227;85;68m            [38;2;192;72;57;48;2;226;85;68m▄[38;2;1;1;1;48;2;114;56;51m▄[38;2;1;1;1;48;2;118;118;118m▄[38;2;1;1;1;48;2;78;78;78m▄[48;2;1;1;1m      [m
[48;2;1;1;1m           [38;2;181;182;182;48;2;192;192;192m▄[48;2;212;212;212m     [38;2;212;212;212;48;2;212;211;211m▄[38;2;212;212;212;48;2;213;195;194m▄[38;2;212;212;212;48;2;217;174;171m▄[38;2;211;212;212;48;2;220;147;141m▄[38;2;212;212;213;48;2;224;107;96m▄[38;2;214;198;197;48;2;226;85;68m▄[38;2;218;169;166;48;2;227;85;68m▄[38;2;222;132;125;48;2;227;85;68m▄[38;2;226;87;71;48;2;227;85;68m▄[48;2;227;85;68m    [38;2;108;38;29;48;2;144;52;41m▄[48;2;1;1;1m        [38;2;0;0;0;48;2;1;1;1m▄[m
[48;2;1;1;1m          [38;2;80;80;80;48;2;1;1;1m▄[38;2;234;234;234;48;2;144;144;144m▄[38;2;243;243;243;48;2;228;229;229m▄[38;2;243;243;243;48;2;224;224;224m▄[38;2;243;243;243;48;2;220;220;220m▄[38;2;243;243;243;48;2;215;215;215m▄[38;2;240;240;240;48;2;212;212;212m▄[38;2;234;235;235;48;2;212;212;212m▄[38;2;228;228;229;48;2;212;212;212m▄[38;2;221;221;221;48;2;212;212;212m▄[38;2;213;214;214;48;2;212;212;212m▄[48;2;212;212;212m    [38;2;212;212;212;48;2;212;205;204m▄[38;2;212;212;212;48;2;217;174;171m▄[38;2;212;212;212;48;2;222;130;123m▄[38;2;213;200;199;48;2;226;86;68m▄[38;2;218;161;157;48;2;226;85;68m▄[38;2;119;75;72;48;2;93;32;24m▄[48;2;1;1;1m        [48;2;0;0;0m [m
[48;2;1;1;1m         [38;2;80;80;80;48;2;1;1;1m▄[38;2;241;241;241;48;2;194;194;194m▄[48;2;243;243;243m         [38;2;243;243;243;48;2;242;242;243m▄[38;2;243;243;243;48;2;236;236;236m▄[38;2;243;243;243;48;2;227;228;228m▄[38;2;243;243;243;48;2;218;218;218m▄[38;2;239;239;239;48;2;212;212;212m▄[38;2;228;228;228;48;2;212;212;212m▄[38;2;217;217;217;48;2;212;212;212m▄[48;2;212;212;212m   [38;2;212;212;212;48;2;209;209;209m▄[38;2;189;189;189;48;2;133;133;133m▄[48;2;1;1;1m       [38;2;1;1;1;48;2;0;0;0m▄[m
[48;2;1;1;1m         [38;2;202;202;202;48;2;164;164;164m▄[48;2;243;243;243m  [38;2;214;214;214;48;2;243;243;243m▄[38;2;213;213;213;48;2;243;243;243m▄[48;2;243;243;243m      [38;2;242;242;242;48;2;243;243;243m▄[38;2;200;200;200;48;2;243;243;243m▄[38;2;227;227;227;48;2;243;243;243m▄[48;2;243;243;243m   [38;2;243;243;243;48;2;241;241;241m▄[38;2;233;233;233;48;2;227;227;227m▄[38;2;232;232;232;48;2;219;219;219m▄[38;2;230;230;230;48;2;212;213;213m▄[38;2;143;143;143;48;2;212;212;212m▄[38;2;1;1;1;48;2;152;152;152m▄[48;2;1;1;1m        [m
[48;2;1;1;1m         [38;2;225;225;225;48;2;219;219;219m▄[48;2;243;243;243m  [38;2;205;206;206;48;2;83;84;84m▄[38;2;204;205;205;48;2;79;79;79m▄[48;2;243;243;243m      [38;2;241;241;242;48;2;220;220;220m▄[38;2;188;188;188;48;2;56;56;56m▄[38;2;222;222;222;48;2;151;151;151m▄[48;2;243;243;243m    [38;2;235;235;235;48;2;234;234;234m▄[48;2;232;232;232m  [38;2;161;161;161;48;2;152;152;152m▄[48;2;1;1;1m         [m
[48;2;1;1;1m       [38;2;48;30;8;48;2;1;1;1m▄[38;2;113;74;28;48;2;1;1;1m▄[38;2;212;184;163;48;2;219;219;219m▄[38;2;233;196;167;48;2;243;243;243m▄[38;2;230;181;138;48;2;243;243;243m▄[38;2;227;161;92;48;2;243;243;243m▄[38;2;226;152;63;48;2;241;237;233m▄[38;2;226;152;63;48;2;238;224;213m▄[38;2;226;152;63;48;2;235;210;191m▄[38;2;226;152;63;48;2;235;208;188m▄[38;2;231;187;150;48;2;242;239;236m▄[48;2;243;243;243m         [38;2;233;233;233;48;2;234;234;234m▄[48;2;232;232;232m  [38;2;127;128;128;48;2;153;153;153m▄[48;2;1;1;1m         [m
[48;2;1;1;1m      [38;2;1;1;1;48;2;76;50;18m▄[38;2;1;1;1;48;2;149;99;39m▄[38;2;1;1;1;48;2;180;120;49m▄[38;2;83;83;83;48;2;208;145;78m▄[38;2;241;240;239;48;2;227;156;75m▄[38;2;240;232;225;48;2;226;152;63m▄[38;2;237;217;203;48;2;226;152;63m▄[38;2;234;203;179;48;2;226;152;63m▄[38;2;231;185;146;48;2;226;152;63m▄[38;2;228;167;107;48;2;226;152;63m▄[38;2;228;165;101;48;2;226;152;63m▄[38;2;238;220;208;48;2;229;172;119m▄[48;2;243;243;243m  [38;2;192;193;193;48;2;204;204;204m▄[38;2;153;153;153;48;2;226;226;226m▄[48;2;243;243;243m    [38;2;237;237;237;48;2;241;241;241m▄[48;2;232;232;232m  [38;2;196;196;196;48;2;229;230;230m▄[38;2;1;1;1;48;2;54;55;55m▄[48;2;1;1;1m         [m
[48;2;1;1;1m          [38;2;83;83;83;48;2;196;196;196m▄[38;2;235;235;235;48;2;243;243;243m▄[48;2;243;243;243m     [38;2;175;175;175;48;2;241;241;241m▄[38;2;150;150;150;48;2;243;243;243m▄[38;2;193;193;193;48;2;243;243;243m▄[38;2;112;112;112;48;2;210;210;210m▄[38;2;199;199;199;48;2;138;138;138m▄[48;2;243;243;243m   [38;2;236;237;237;48;2;242;242;242m▄[38;2;232;232;232;48;2;233;233;233m▄[48;2;232;232;232m [38;2;189;189;189;48;2;232;232;232m▄[38;2;1;1;1;48;2;118;118;118m▄[48;2;1;1;1m          [m
[48;2;1;1;1m           [38;2;1;1;1;48;2;137;137;137m▄[38;2;146;146;146;48;2;241;241;241m▄[38;2;240;240;239;48;2;243;243;243m▄[48;2;243;243;243m   [38;2;243;243;243;48;2;239;239;239m▄[38;2;243;243;243;48;2;186;186;186m▄[38;2;243;243;243;48;2;165;165;165m▄[38;2;243;243;243;48;2;206;206;206m▄[48;2;243;243;243m  [38;2;239;239;239;48;2;243;243;243m▄[38;2;232;232;232;48;2;239;239;239m▄[48;2;232;232;232m [38;2;211;210;210;48;2;232;232;232m▄[38;2;75;75;75;48;2;212;212;212m▄[38;2;1;1;1;48;2;55;56;56m▄[48;2;1;1;1m           [m
[48;2;1;1;1m         [38;2;15;4;4;48;2;1;1;1m▄[38;2;127;47;38;48;2;1;1;1m▄[38;2;170;64;52;48;2;86;30;23m▄[38;2;171;64;52;48;2;155;57;47m▄[38;2;171;64;52;48;2;186;124;120m▄[38;2;171;66;54;48;2;231;221;221m▄[38;2;197;152;148;48;2;243;243;243m▄[38;2;224;209;208;48;2;243;243;243m▄[38;2;240;239;239;48;2;243;243;243m▄[48;2;243;243;243m [38;2;241;241;241;48;2;243;243;243m▄[38;2;237;237;237;48;2;243;243;243m▄[38;2;232;233;233;48;2;242;242;242m▄[38;2;226;220;220;48;2;236;237;237m▄[38;2;208;183;181;48;2;232;232;232m▄[38;2;182;111;105;48;2;231;231;231m▄[38;2;171;64;52;48;2;208;183;181m▄[38;2;171;64;52;48;2;172;78;70m▄[38;2;171;64;52;48;2;134;49;40m▄[38;2;162;61;49;48;2;45;13;10m▄[38;2;87;32;25;48;2;1;1;1m▄[48;2;1;1;1m          [m
[48;2;1;1;1m       [38;2;27;27;27;48;2;1;1;1m▄[38;2;185;167;166;48;2;29;8;6m▄[38;2;174;78;68;48;2;144;54;44m▄[48;2;171;64;52m       [38;2;171;64;52;48;2;172;69;58m▄[38;2;171;64;52;48;2;182;114;108m▄[38;2;171;64;52;48;2;185;127;123m▄[38;2;171;64;52;48;2;185;126;122m▄[38;2;171;64;52;48;2;178;95;88m▄[38;2;171;64;52;48;2;171;64;53m▄[48;2;171;64;52m      [38;2;171;64;52;48;2;169;64;52m▄[38;2;182;118;113;48;2;104;39;32m▄[38;2;134;133;132;48;2;1;1;1m▄[48;2;1;1;1m        [m
[38;2;0;0;0;48;2;1;1;1m▄▄[48;2;1;1;1m    [38;2;127;127;127;48;2;1;1;1m▄[38;2;242;242;242;48;2;183;183;183m▄[48;2;243;243;243m [38;2;243;243;243;48;2;232;224;223m▄[38;2;243;243;243;48;2;190;132;128m▄[38;2;222;205;203;48;2;171;64;52m▄[38;2;188;129;125;48;2;171;64;52m▄[48;2;171;64;52m               [38;2;223;207;205;48;2;173;74;64m▄[38;2;237;237;237;48;2;202;170;168m▄[38;2;232;232;232;48;2;230;228;228m▄[38;2;232;232;232;48;2;228;228;228m▄[38;2;211;211;211;48;2;103;103;103m▄[38;2;29;29;29;48;2;1;1;1m▄[48;2;1;1;1m      [m
[48;2;0;0;0m  [48;2;1;1;1m   [38;2;145;145;145;48;2;18;18;18m▄[38;2;243;243;243;48;2;221;221;221m▄[48;2;243;243;243m      [38;2;243;243;243;48;2;231;222;222m▄[38;2;243;243;243;48;2;209;180;178m▄[38;2;243;243;243;48;2;190;134;130m▄[38;2;242;242;242;48;2;173;76;66m▄[38;2;235;229;228;48;2;171;64;52m▄[38;2;229;218;217;48;2;171;64;52m▄[38;2;227;214;214;48;2;171;64;52m▄[38;2;228;215;214;48;2;171;64;52m▄[38;2;230;220;220;48;2;171;64;52m▄[38;2;220;200;199;48;2;171;64;52m▄[48;2;171;64;52m     [38;2;195;147;143;48;2;213;188;186m▄[48;2;243;243;243m [38;2;238;238;238;48;2;233;233;233m▄[48;2;232;232;232m  [38;2;221;221;221;48;2;156;156;156m▄[38;2;35;35;35;48;2;1;1;1m▄[48;2;1;1;1m  [38;2;0;0;0;48;2;1;1;1m▄▄▄[m
[48;2;0;0;0m  [48;2;1;1;1m  [38;2;73;74;74;48;2;1;1;1m▄[38;2;241;241;241;48;2;211;211;211m▄[48;2;243;243;243m                [48;2;224;208;207m [48;2;171;64;52m     [38;2;171;64;52;48;2;175;84;76m▄[38;2;230;220;219;48;2;242;241;241m▄[38;2;243;243;243;48;2;242;242;242m▄[38;2;235;236;236;48;2;232;232;232m▄[48;2;232;232;232m  [38;2;192;192;192;48;2;140;140;140m▄[48;2;1;1;1m  [48;2;0;0;0m   [m
[48;2;1;1;1m    [38;2;181;181;181;48;2;145;145;145m▄[48;2;243;243;243m         [38;2;241;241;242;48;2;242;242;242m▄[38;2;113;113;113;48;2;121;121;121m▄[38;2;147;147;147;48;2;152;152;152m▄[48;2;243;243;243m     [48;2;224;208;207m [48;2;171;64;52m      [38;2;195;147;144;48;2;213;188;186m▄[48;2;243;243;243m [38;2;240;241;241;48;2;238;238;238m▄[48;2;232;232;232m  [38;2;232;232;232;48;2;222;223;223m▄[38;2;85;85;85;48;2;0;0;0m▄[48;2;1;1;1m [48;2;0;0;0m   [m
[48;2;1;1;1m    [38;2;206;206;206;48;2;197;197;197m▄[48;2;243;243;243m                 [48;2;224;208;207m [48;2;171;64;52m      [38;2;171;64;52;48;2;176;86;78m▄[38;2;230;220;219;48;2;242;241;241m▄[38;2;243;243;243;48;2;242;242;242m▄[48;2;232;232;232m   [38;2;131;131;131;48;2;117;117;117m▄[48;2;1;1;1m [38;2;1;1;1;48;2;0;0;0m▄▄▄[m
[48;2;1;1;1m    [38;2;195;196;196;48;2;205;205;205m▄[48;2;243;243;243m                 [48;2;224;208;207m [48;2;171;64;52m [38;2;187;126;122;48;2;171;64;52m▄[38;2;234;228;228;48;2;173;74;64m▄[38;2;243;243;243;48;2;200;159;156m▄[38;2;243;243;243;48;2;219;199;198m▄[38;2;243;243;243;48;2;224;208;207m▄[38;2;243;243;243;48;2;219;200;199m▄[38;2;243;243;243;48;2;229;219;218m▄[38;2;242;242;242;48;2;243;243;243m▄[48;2;232;232;232m   [38;2;114;114;114;48;2;130;130;130m▄[48;2;1;1;1m    [m
[48;2;1;1;1m    [38;2;139;139;139;48;2;178;178;178m▄[48;2;243;243;243m         [38;2;240;241;241;48;2;243;243;243m▄[38;2;89;89;89;48;2;236;236;236m▄[38;2;129;129;129;48;2;239;239;239m▄[48;2;243;243;243m     [38;2;224;209;208;48;2;224;208;207m▄[38;2;230;221;220;48;2;185;120;115m▄[38;2;243;243;243;48;2;239;237;236m▄[48;2;243;243;243m      [38;2;238;238;238;48;2;240;240;240m▄[48;2;232;232;232m  [38;2;220;220;220;48;2;232;232;232m▄[38;2;0;0;0;48;2;77;77;77m▄[48;2;1;1;1m    [m
[48;2;1;1;1m    [38;2;1;1;1;48;2;61;62;62m▄[38;2;205;205;205;48;2;240;240;240m▄[48;2;243;243;243m         [38;2;243;243;243;48;2;153;153;153m▄[38;2;243;243;243;48;2;175;175;175m▄[48;2;243;243;243m     [38;2;243;243;243;48;2;239;237;237m▄[48;2;243;243;243m       [38;2;242;242;242;48;2;243;243;243m▄[38;2;232;232;232;48;2;235;235;235m▄[48;2;232;232;232m  [38;2;131;131;131;48;2;187;187;187m▄[48;2;1;1;1m     [m
[48;2;1;1;1m     [38;2;1;1;1;48;2;134;134;134m▄[38;2;214;214;214;48;2;243;243;243m▄[48;2;243;243;243m                      [38;2;242;242;242;48;2;243;243;243m▄[38;2;233;233;233;48;2;238;238;238m▄[48;2;232;232;232m  [38;2;145;145;145;48;2;216;216;216m▄[38;2;1;1;1;48;2;19;19;19m▄[48;2;1;1;1m     [m
[48;2;1;1;1m      [38;2;1;1;1;48;2;111;111;111m▄[38;2;168;168;168;48;2;240;240;240m▄[48;2;243;243;243m                    [38;2;240;240;240;48;2;243;243;243m▄[38;2;232;232;232;48;2;237;237;237m▄[48;2;232;232;232m [38;2;224;224;224;48;2;232;232;232m▄[38;2;86;86;86;48;2;204;204;204m▄[38;2;1;1;1;48;2;8;8;8m▄[48;2;1;1;1m      [m
[48;2;1;1;1m       [38;2;1;1;1;48;2;3;3;3m▄[38;2;16;17;17;48;2;193;193;193m▄[38;2;192;192;192;48;2;243;243;243m▄[48;2;243;243;243m                [38;2;240;240;240;48;2;243;243;243m▄[38;2;233;233;233;48;2;241;241;241m▄[38;2;232;232;232;48;2;232;233;233m▄[38;2;225;225;226;48;2;232;232;232m▄[38;2;124;124;124;48;2;228;228;228m▄[38;2;1;1;1;48;2;120;120;120m▄[48;2;1;1;1m        [m
[48;2;1;1;1m         [38;2;1;1;1;48;2;2;2;2m▄[38;2;1;1;1;48;2;162;162;162m▄[38;2;99;99;99;48;2;239;239;239m▄[38;2;205;205;205;48;2;243;243;243m▄[48;2;243;243;243m          [38;2;241;241;241;48;2;243;243;243m▄[38;2;235;235;235;48;2;243;243;243m▄[38;2;232;232;232;48;2;238;239;239m▄[38;2;225;225;225;48;2;232;232;232m▄[38;2;165;165;165;48;2;232;232;232m▄[38;2;35;35;35;48;2;211;212;212m▄[38;2;1;1;1;48;2;98;98;98m▄[48;2;1;1;1m          [m
[48;2;1;1;1m             [38;2;1;1;1;48;2;113;113;113m▄[38;2;1;1;1;48;2;191;191;191m▄[38;2;13;13;13;48;2;233;233;233m▄[38;2;108;108;108;48;2;243;243;243m▄[38;2;152;152;152;48;2;243;243;243m▄[38;2;172;173;173;48;2;243;243;243m▄[38;2;176;176;176;48;2;243;243;243m▄[38;2;171;171;171;48;2;242;242;242m▄[38;2;160;161;161;48;2;239;239;239m▄[38;2;131;131;131;48;2;235;235;235m▄[38;2;73;74;74;48;2;232;232;232m▄[38;2;1;1;1;48;2;209;209;209m▄[38;2;1;1;1;48;2;160;160;160m▄[38;2;1;1;1;48;2;60;60;60m▄[48;2;1;1;1m             [m
