[48;2;0;0;0m        [38;2;45;131;28;48;2;0;0;0m▄▄▄▄▄▄▄▄▄[38;2;54;134;42;48;2;0;0;0m▄[48;2;0;0;0m            [m
[48;2;0;0;0m        [38;2;70;71;71;48;2;45;152;16m▄▄▄▄▄▄▄▄▄[38;2;30;44;29;48;2;54;134;42m▄[48;2;0;0;0m            [m
[48;2;0;0;0m        [38;2;82;84;83;48;2;202;206;205m▄▄▄▄▄▄▄▄▄[38;2;70;71;71;48;2;142;145;144m▄[48;2;0;0;0m            [m
[48;2;0;0;0m        [48;2;45;152;16m         [48;2;54;134;42m [48;2;0;0;0m [38;2;69;140;60;48;2;44;152;13m▄[38;2;70;140;62;48;2;43;152;10m▄▄▄▄▄▄▄▄[38;2;68;124;62;48;2;56;133;44m▄[48;2;0;0;0m [m
[48;2;0;0;0m        [48;2;45;152;16m         [48;2;54;134;42m [48;2;0;0;0m [38;2;220;224;223;48;2;107;109;108m▄▄▄▄▄▄▄▄▄[38;2;191;194;193;48;2;92;94;93m▄[48;2;0;0;0m [m
[48;2;0;0;0m        [48;2;45;152;16m         [48;2;54;134;42m [48;2;0;0;0m [38;2;61;144;48;48;2;82;84;83m▄[38;2;62;144;50;48;2;82;83;83m▄▄▄▄▄▄▄▄[38;2;63;127;55;48;2;70;71;71m▄[48;2;0;0;0m [m
[48;2;0;0;0m       [38;2;59;133;49;48;2;0;0;0m▄[48;2;45;152;16m     [38;2;48;152;24;48;2;45;152;16m▄[38;2;59;110;54;48;2;45;152;15m▄[38;2;78;79;79;48;2;57;136;46m▄[38;2;172;175;174;48;2;50;96;45m▄[38;2;140;142;142;48;2;36;49;36m▄[48;2;0;0;0m [48;2;43;152;10m [48;2;45;152;16m        [48;2;54;134;42m [48;2;0;0;0m [m
[48;2;0;0;0m     [38;2;63;110;59;48;2;0;0;0m▄[38;2;49;152;25;48;2;66;111;62m▄[38;2;45;152;16;48;2;45;152;15m▄[48;2;45;152;16m    [38;2;52;149;32;48;2;45;152;16m▄[38;2;40;49;40;48;2;59;120;52m▄[38;2;204;208;207;48;2;102;104;104m▄[38;2;220;224;223;48;2;213;216;215m▄[48;2;220;224;223m [48;2;155;158;157m [48;2;0;0;0m [48;2;43;152;10m [48;2;45;152;16m        [48;2;54;134;42m [48;2;0;0;0m [m
[48;2;0;0;0m   [38;2;63;110;59;48;2;0;0;0m▄[38;2;48;152;24;48;2;63;110;59m▄[38;2;45;152;16;48;2;49;152;25m▄[48;2;45;152;16m      [38;2;68;125;63;48;2;57;132;46m▄[38;2;144;147;146;48;2;116;119;118m▄[48;2;220;224;223m  [38;2;217;221;220;48;2;220;224;223m▄[38;2;75;77;76;48;2;143;145;145m▄[48;2;0;0;0m [38;2;45;152;16;48;2;43;152;10m▄[48;2;45;152;16m     [38;2;50;152;28;48;2;45;152;16m▄[38;2;59;119;52;48;2;45;152;16m▄[38;2;37;51;36;48;2;49;151;26m▄[38;2;73;74;74;48;2;63;125;56m▄[48;2;0;0;0m [m
[48;2;0;0;0m [38;2;49;92;45;48;2;0;0;0m▄[38;2;48;152;24;48;2;64;110;60m▄[38;2;45;152;16;48;2;49;152;25m▄[48;2;45;152;16m        [38;2;61;147;48;48;2;59;128;50m▄[38;2;56;57;57;48;2;128;130;129m▄[38;2;213;217;216;48;2;220;224;223m▄[38;2;160;163;162;48;2;220;224;223m▄[38;2;0;0;0;48;2;153;156;155m▄[38;2;65;119;59;48;2;0;0;0m▄[38;2;45;152;15;48;2;65;130;58m▄[48;2;45;152;16m     [38;2;62;124;55;48;2;46;152;20m▄[38;2;106;108;108;48;2;57;98;53m▄[38;2;217;221;220;48;2;111;114;113m▄[38;2;220;224;223;48;2;202;206;205m▄[38;2;191;194;193;48;2;191;194;194m▄[48;2;0;0;0m [m
[38;2;45;59;45;48;2;0;0;0m▄[38;2;44;152;14;48;2;63;143;52m▄[48;2;45;152;16m           [38;2;53;111;46;48;2;55;104;50m▄[38;2;0;0;0;48;2;92;94;93m▄[38;2;65;119;60;48;2;0;0;0m▄[38;2;45;152;15;48;2;65;119;60m▄[38;2;45;152;16;48;2;45;152;15m▄[48;2;45;152;16m     [38;2;66;148;54;48;2;50;153;27m▄[38;2;58;59;59;48;2;42;64;40m▄[38;2;220;224;223;48;2;195;198;197m▄[48;2;220;224;223m  [38;2;171;174;173;48;2;190;193;192m▄[48;2;0;0;0m [m
[38;2;34;38;34;48;2;54;73;53m▄[38;2;54;152;36;48;2;45;152;16m▄[48;2;45;152;16m         [38;2;47;111;39;48;2;45;152;16m▄[38;2;0;0;0;48;2;50;112;42m▄[38;2;61;117;55;48;2;0;0;0m▄[38;2;45;152;15;48;2;66;119;61m▄[38;2;45;152;16;48;2;45;152;15m▄[48;2;45;152;16m       [38;2;60;152;44;48;2;61;144;49m▄[38;2;33;37;34;48;2;81;82;82m▄[38;2;213;217;216;48;2;220;224;223m▄[48;2;220;224;223m [38;2;145;148;147;48;2;218;222;221m▄[38;2;0;0;0;48;2;99;101;100m▄[48;2;0;0;0m [m
[48;2;0;0;0m [38;2;12;20;11;48;2;56;126;46m▄[38;2;48;143;29;48;2;45;152;16m▄[48;2;45;152;16m     [38;2;50;153;27;48;2;45;152;16m▄[38;2;48;110;39;48;2;45;152;16m▄[38;2;0;0;0;48;2;45;110;36m▄[48;2;0;0;0m [38;2;59;131;49;48;2;46;86;42m▄[38;2;45;152;16;48;2;49;152;26m▄[48;2;45;152;16m          [38;2;62;144;50;48;2;53;96;49m▄[38;2;24;24;24;48;2;163;166;165m▄[38;2;0;0;0;48;2;146;149;148m▄[48;2;0;0;0m   [m
[48;2;0;0;0m  [38;2;0;0;0;48;2;12;20;11m▄[38;2;0;0;0;48;2;57;127;48m▄[38;2;19;24;19;48;2;56;152;38m▄[38;2;0;0;0;48;2;45;152;16m▄[38;2;0;0;0;48;2;45;152;15m▄[38;2;0;0;0;48;2;59;144;46m▄[38;2;0;0;0;48;2;51;95;47m▄[48;2;0;0;0m   [38;2;66;146;55;48;2;63;147;51m▄[48;2;45;152;16m         [38;2;46;152;20;48;2;45;152;16m▄[38;2;47;102;40;48;2;47;152;21m▄[38;2;0;0;0;48;2;49;103;43m▄[48;2;0;0;0m     [m
[48;2;0;0;0m            [38;2;43;72;41;48;2;59;127;51m▄[38;2;52;151;31;48;2;45;152;16m▄[48;2;45;152;16m      [38;2;47;152;22;48;2;45;152;16m▄[38;2;41;100;33;48;2;46;152;20m▄[38;2;0;0;0;48;2;45;101;37m▄[48;2;0;0;0m       [m
[48;2;0;0;0m             [38;2;0;0;0;48;2;61;101;58m▄[38;2;42;68;40;48;2;50;151;29m▄[38;2;51;120;41;48;2;45;152;16m▄[38;2;58;139;47;48;2;45;152;16m▄[38;2;59;139;47;48;2;45;152;16m▄[38;2;53;121;44;48;2;45;152;16m▄[38;2;44;69;42;48;2;51;151;31m▄[38;2;0;0;0;48;2;51;100;46m▄[48;2;0;0;0m         [m
[49;38;2;0;0;0m▀▀▀▀▀▀▀▀▀▀▀▀▀▀▀▀▀▀▀▀▀▀▀▀▀▀▀▀▀▀[m
